0 4.000000
1 6.000000
2 8.000000
3 10.000000
4 12.000000
5 14.000000
6 16.000000
7 18.000000
8 20.000000
9 22.000000
10 24.000000
11 26.000000
12 28.000000
13 30.000000
14 32.000000
15 34.000000
16 36.000000
17 18.000000
18 20.000000
19 22.000000
20 24.000000
21 26.000000
22 28.000000
23 14.000000
24 16.000000
25 18.000000
26 20.000000
27 22.000000
28 24.000000
29 26.000000
30 27.000000
31 28.000000
32 29.000000
33 30.000000
34 31.000000
35 32.000000
36 16.000000
37 17.000000
38 18.000000
39 19.000000
40 10.000000
41 11.000000
42 12.000000
43 6.000000
44 7.000000
45 8.000000
46 9.000000
47 10.000000
48 11.000000
49 12.000000
50 13.000000
51 14.000000
52 15.000000
53 16.000000
54 17.000000
55 18.000000
56 19.000000
57 20.000000
58 21.000000
59 22.000000
60 23.000000
